.gitignore
  h_489c0496f9f57d 12
rust/Cargo.toml
  h_489c0496f9f57d 16-19
scripts/generate.sh
  h_489c0496f9f57d 19
CHANGELOG.md
  h_489c0496f9f57d 1-4
CONTRIBUTING.md
  h_489c0496f9f57d 95-97
rust/Cargo.lock
  h_489c0496f9f57d 22,24,59,61,80,82,114,140,142,146,148,158,160,202,204,229,231,239,241,248,250,286,288,292,307,309,323,325,334,336,391,396,398,411,413,421,423,427,429,438,440,444,446,450,455,457,461,463,467,469,500,502,569,571,595,597,620,622,650,652,701,703,711,713,796,798,802,804,808,810,817,819,855,857,867,869,878,880,884,886,896,898,908,910,918,920,927,929,933,938,940,969,971-982,986,988,1012,1026,1028,1035,1037,1059,1061,1072,1074,1082,1084,1092,1094,1099,1105,1107,1114,1116,1143,1154,1183,1185
---
{
  "schema_version": "authorship/3.0.0",
  "git_ai_version": "1.6.22",
  "base_commit_sha": "cdcfc5306a668eb6c81b2b72dcb4c7dedd423c8e",
  "prompts": {},
  "humans": {
    "h_489c0496f9f57d": {
      "author": "Yashas H Majmudar <yashashm.dev@gmail.com>"
    }
  }
}